37
1 7 3 4 9 11 14 17 33
2 3 8 16 35
3 3 1 9 33
4 7 1 10 12 14 17 23 33
5 7 16 18 19 20 32 35 36
6 2 10 33
7 6 9 11 14 23 26 35
8 3 2 16 36
9 4 1 3 7 11
10 5 4 6 12 29 33
11 4 1 7 9 14
12 4 4 10 23 29
13 4 23 24 29 30
14 5 1 4 7 11 23
15 4 19 23 26 27
16 5 2 5 8 35 36
17 3 1 4 33
18 4 5 20 21 36
19 8 5 15 20 21 26 27 32 37
20 4 5 18 19 21
21 4 18 19 20 37
22 3 27 34 37
23 10 4 7 12 13 14 15 24 26 27 29
24 5 13 23 27 30 31
25 1 28
26 6 7 15 19 23 32 35
27 6 15 19 22 23 24 37
28 4 25 29 30 31
29 6 10 12 13 23 28 30
30 5 13 24 28 29 31
31 3 24 28 30
32 4 5 19 26 35
33 6 1 3 4 6 10 17
34 2 22 37
35 6 2 5 7 16 26 32
36 4 5 8 16 18
37 5 19 21 22 27 34
